IDLE DOWN:
0 0 13 21
14 0 13 21
28 0 13 21
42 0 13 21
56 0 13 21
70 0 13 21

IDLE RIGHT:
0 22 15 21
16 22 15 21
32 22 15 21
48 22 15 21
64 22 15 21
80 22 15 21

IDLE LEFT:
0 44 15 21
16 44 15 21
32 44 15 21
48 44 15 21
64 44 15 21
80 44 15 21

IDLE UP:
0 66 13 21
14 66 13 21
28 66 13 21
42 66 13 21
56 66 13 21
70 66 13 21

RUN DOWN:
0 88 13 23
14 88 13 23
28 88 13 23
42 88 13 23
56 88 13 23
70 88 13 23

RUN RIGHT:
0 112 15 23
16 112 15 23
32 112 15 23
48 112 15 23
65 112 15 23
80 112 15 23

RUN LEFT:
0 136 15 23
16 136 15 23
32 136 15 23
48 136 15 23
65 136 15 23
80 136 15 23

RUN UP:
14 160 13 23
28 160 13 23
42 160 13 23
56 160 13 23
70 160 13 23

